00002000002026033100013437
00002000002026033100085469
00002000002026033100069607
00002000002026033100102482
00002000002026033100085491
00002000002026033100015651
00002000002026053000097134
00002000002026032900084884
00002000002026062900102597
00002000002026042900091708
00002000002026072800107663
00002000002026052600096982
00002000002026072600107348
00002000002026032400084054
00002000002026062500101940
00002000002026052400096707
00002000002026042300090361
00002000002026072200095373
00002000002026072200106787
00002000002026082000110250
00002000002026051900095914
00002000002026071800106033
00002000002026051700095565
00002000002026081700109974
00002000002026051600095412
00002000002026041600088926
00002000002026041600073530
00002000002026041600018941
00002000002026041400088461
00002000002026071300104977
00002000002026081300109486
00002000002026041200087961
00002000002026051100094503
00002000002026081100109317
00002000002026050900093935
00002000002026070900104214
00002000002026040900087478
00002000002026040800087209
00002000002026082400110893
00002000002026090600113221
00002000002026080600099030
00002000002026080600108733
00002000002026040600086766
00002000002026040600070929
00002000002026060500098320
00002000002026070400103402
00002000002026070400035187
00002000002026070200103085
00002000002026022300079456
00002000002026060100097702
00002000002026080100108049
00002000002026040100085763
